1 : 0, 6
2 : 1, 8
3 : 1, 12
4 : 2, 14
5 : 3, 17
6 : 4, 18
7 : 4, 19
8 : 0, 5
9 : 1, 6
10 : 2, 8
11 : 2, 10
12 : 2, 12
13 : 3, 14
14 : 3, 15
15 : 3, 16
16 : 5, 17
17 : 5, 18
18 : 0, 4
19 : 1, 5
20 : 1, 7
21 : 2, 7
22 : 3, 10
23 : 3, 12
24 : 4, 13
25 : 4, 14
26 : 4, 15
27 : 5, 15
28 : 5, 16
29 : 6, 17
30 : 5, 19
31 : 1, 4
32 : 2, 5
33 : 2, 6
34 : 3, 8
35 : 6, 10
36 : 6, 11
37 : 5, 12
38 : 5, 13
39 : 5, 14
40 : 6, 15
41 : 6, 16
42 : 6, 18
43 : 1, 1
44 : 2, 4
45 : 3, 5
46 : 3, 6
47 : 3, 7
48 : 6, 8
49 : 7, 11
50 : 6, 12
51 : 6, 13
52 : 6, 14
53 : 8, 15
54 : 8, 16
55 : 7, 17
56 : 6, 20
57 : 3, 1
58 : 3, 4
59 : 4, 4
60 : 4, 5
61 : 6, 6
62 : 6, 7
63 : 8, 8
64 : 8, 9
65 : 8, 10
66 : 8, 11
67 : 8, 12
68 : 8, 13
69 : 8, 14
70 : 9, 16
71 : 8, 17
72 : 7, 18
73 : 4, 1
74 : 6, 1
75 : 6, 2
76 : 6, 4
77 : 8, 4
78 : 8, 6
79 : 8, 7
80 : 9, 8
81 : 10, 9
82 : 10, 10
83 : 10, 11
84 : 9, 12
85 : 9, 13
86 : 10, 14
87 : 10, 16
88 : 10, 17
89 : 9, 17
90 : 8, 18
91 : 8, 20
92 : 6, 0
93 : 8, 0
94 : 8, 1
95 : 8, 2
96 : 9, 5
97 : 9, 6
98 : 9, 7
99 : 10, 8
100 : 11, 9
101 : 11, 10
102 : 10, 12
103 : 10, 13
104 : 11, 14
105 : 10, 18
106 : 10, 19
107 : 10, 20
108 : 12, 18
109 : 10, 6
110 : 10, 7
111 : 11, 7
112 : 11, 8
113 : 12, 9
114 : 12, 10
115 : 11, 11
116 : 12, 14
117 : 12, 17
118 : 13, 14
119 : 12, 20
120 : 11, 0
121 : 11, 1
122 : 11, 2
123 : 11, 4
124 : 11, 6
125 : 12, 8
126 : 12, 11
127 : 12, 12
128 : 15, 17
129 : 13, 17
130 : 13, 8
131 : 13, 9
132 : 13, 10
133 : 15, 11
134 : 13, 12
135 : 13, 18
136 : 13, 20
137 : 13, 3
138 : 14, 6
139 : 14, 8
140 : 15, 10
141 : 15, 12
142 : 15, 14
143 : 14, 17
144 : 13, 0
145 : 13, 1
146 : 13, 2
147 : 14, 2
148 : 14, 3
149 : 14, 4
150 : 14, 5
151 : 15, 5
152 : 15, 6
153 : 15, 7
154 : 15, 9
155 : 16, 9
156 : 16, 10
157 : 16, 11
158 : 16, 12
159 : 17, 12
160 : 15, 18
161 : 15, 19
162 : 15, 20
163 : 15, 1
164 : 15, 2
165 : 15, 4
166 : 16, 6
167 : 16, 8
168 : 17, 8
169 : 17, 10
170 : 17, 11
171 : 18, 18
172 : 17, 14
173 : 17, 18
174 : 17, 19
175 : 18, 20
176 : 16, 0
177 : 15, 0
178 : 17, 2
179 : 15, 3
180 : 17, 4
181 : 16, 5
182 : 17, 6
183 : 16, 7
184 : 18, 9
185 : 18, 11
186 : 18, 12
187 : 17, 16
188 : 17, 17
189 : 17, 1
190 : 18, 2
191 : 17, 3
192 : 18, 3
193 : 17, 5
194 : 18, 5
195 : 18, 6
196 : 17, 7
197 : 18, 7
198 : 18, 14
199 : 18, 17
